ZookieSpriteInfo.txt
80
48
16
2
40
2
0
42
2
0
43
2
1
42
2
1
43
2
2
42
2
3
42
2
4
42
2
5
42
2
6
42
2
6
43
2
7
42
2
7
43
2
8
42
2
8
43
2
9
42
2
9
43
2
10
42
2
10
43
2
11
42
2
12
42
2
13
42
2
14
42
2
15
42
2
16
42
2
17
42
2
18
42
2
19
42
2
20
42
2
21
42
2
22
42
2
23
42
2
24
42
2
25
42
2
26
42
2
27
41
2
27
42
2
28
41
2
28
42
2
29
41
2
29
42
2
30
41
2
30
42
2
31
41
2
31
42
2
32
42
2
32
43
2
33
42
2
33
43
2
34
41
2
34
42
2
34
43
2
35
41
2
35
42
2
35
43
2
36
41
2
36
42
2
36
43
2
37
41
2
37
42
2
37
43
2
38
41
2
38
42
2
38
43
2
39
41
2
39
42
2
39
43
2
40
41
2
40
42
2
40
43
2
41
41
2
41
42
2
41
43
2
42
40
2
42
41
2
42
42
2
42
43
2
43
40
2
43
42
2
43
43
2
44
40
2
44
42
2
44
43
2
45
40
2
45
42
2
45
43
2
46
40
2
46
41
2
46
42
2
46
43
2
47
41
2
47
42
2
47
43
2
48
41
2
48
42
2
48
43
2
49
41
2
49
42
2
49
43
2
50
41
2
50
42
2
51
41
2
51
42
2
52
41
2
52
42
2
53
42
2
54
42
2
55
41
2
55
42
2
56
41
2
57
41
2
58
40
2
58
41
2
59
40
2
59
41
2
60
41
2
61
40
2
61
41
2
62
40
2
63
40
2
64
40
2
65
40
2
66
40
2
67
40
2
68
40
2
69
40
2
70
40
3
71
38
2
71
40
2
72
40
2
73
40
2
74
39
2
74
40
2
75
39
2
76
38
2
76
39
2
77
38
2
78
38
2
79
38
+--+