ZookieSpriteInfo.txt
80
48
16
27
3
2
0
5
2
0
6
2
0
7
2
0
8
2
0
18
2
0
19
4
0
43
4
0
44
4
0
45
4
0
46
4
0
47
2
1
5
2
1
6
2
1
7
2
1
8
1
1
13
2
1
18
2
1
19
2
1
34
2
1
42
4
1
43
4
1
44
4
1
45
4
1
46
4
1
47
2
2
5
2
2
6
2
2
7
2
2
8
2
2
18
2
2
19
2
2
34
2
2
42
4
2
43
4
2
44
4
2
45
4
2
46
4
2
47
2
3
5
2
3
6
2
3
7
2
3
8
2
3
18
2
3
19
2
3
34
1
3
40
2
3
42
4
3
43
4
3
44
4
3
45
4
3
46
4
3
47
4
4
5
4
4
6
2
4
7
2
4
8
2
4
18
2
4
19
2
4
34
2
4
42
4
4
43
4
4
44
4
4
45
4
4
46
4
4
47
4
5
5
4
5
6
2
5
7
2
5
8
2
5
18
2
5
19
2
5
34
2
5
42
4
5
43
4
5
44
4
5
45
4
5
46
4
5
47
4
6
5
4
6
6
2
6
7
2
6
8
2
6
18
2
6
19
2
6
34
2
6
42
4
6
43
4
6
44
4
6
45
4
6
46
4
6
47
4
7
5
4
7
6
2
7
7
2
7
8
2
7
18
2
7
19
4
7
43
4
7
44
4
7
45
4
7
46
4
7
47
2
8
5
2
8
6
2
8
7
2
8
8
2
8
18
2
8
19
2
8
30
4
8
43
4
8
44
4
8
45
4
8
46
4
8
47
2
9
5
2
9
6
2
9
7
2
9
8
2
9
18
2
9
19
2
9
30
4
9
43
4
9
44
4
9
45
4
9
46
4
9
47
1
10
3
2
10
5
2
10
6
2
10
7
2
10
8
2
10
18
2
10
19
2
10
30
4
10
43
4
10
44
4
10
45
4
10
46
4
10
47
2
11
5
2
11
6
2
11
7
2
11
8
2
11
18
2
11
19
2
11
30
2
11
38
4
11
43
4
11
44
4
11
45
4
11
46
4
11
47
2
12
5
2
12
6
2
12
7
2
12
8
2
12
18
2
12
19
2
12
30
2
12
38
4
12
43
4
12
44
4
12
45
4
12
46
4
12
47
2
13
5
2
13
6
2
13
7
2
13
8
2
13
18
2
13
19
2
13
38
4
13
43
4
13
44
4
13
45
4
13
46
4
13
47
4
14
5
4
14
6
2
14
7
2
14
8
2
14
18
2
14
19
2
14
38
4
14
43
4
14
44
4
14
45
4
14
46
4
14
47
4
15
5
4
15
6
2
15
7
2
15
8
2
15
18
2
15
19
2
15
26
2
15
38
4
15
43
4
15
44
4
15
45
4
15
46
4
15
47
4
16
5
4
16
6
2
16
7
2
16
8
2
16
26
4
16
43
4
16
44
4
16
45
4
16
46
4
16
47
4
17
5
4
17
6
2
17
7
2
17
8
2
17
26
4
17
43
4
17
44
4
17
45
4
17
46
4
17
47
2
18
5
2
18
6
2
18
7
2
18
8
2
18
26
4
18
43
4
18
44
4
18
45
4
18
46
4
18
47
2
19
5
2
19
6
2
19
7
2
19
8
2
19
26
4
19
43
4
19
44
4
19
45
4
19
46
4
19
47
1
20
3
2
20
5
2
20
6
2
20
7
2
20
8
2
20
26
2
20
34
4
20
43
4
20
44
4
20
45
4
20
46
4
20
47
2
21
5
2
21
6
2
21
7
2
21
8
2
21
26
2
21
34
4
21
43
4
21
44
4
21
45
4
21
46
4
21
47
2
22
5
2
22
6
2
22
7
2
22
8
2
22
18
2
22
19
2
22
26
2
22
34
4
22
43
4
22
44
4
22
45
4
22
46
4
22
47
2
23
5
2
23
6
2
23
7
2
23
8
2
23
18
2
23
19
2
23
26
2
23
34
4
23
43
4
23
44
4
23
45
4
23
46
4
23
47
2
24
8
2
24
9
2
24
10
2
24
11
2
24
18
2
24
19
2
24
34
4
24
43
4
24
44
4
24
45
4
24
46
4
24
47
2
25
8
2
25
9
2
25
10
2
25
11
2
25
18
2
25
19
2
25
34
4
25
43
4
25
44
4
25
45
4
25
46
4
25
47
2
26
8
2
26
9
2
26
10
2
26
11
2
26
18
2
26
19
2
26
34
4
26
43
4
26
44
4
26
45
4
26
46
4
26
47
2
27
8
2
27
9
2
27
10
2
27
11
2
27
18
2
27
19
2
27
30
4
27
43
4
27
44
4
27
45
4
27
46
4
27
47
2
28
11
2
28
12
2
28
13
2
28
14
2
28
18
2
28
19
2
28
30
4
28
43
4
28
44
4
28
45
4
28
46
4
28
47
2
29
11
2
29
12
2
29
13
2
29
14
2
29
18
2
29
19
2
29
30
2
29
38
4
29
43
4
29
44
4
29
45
4
29
46
4
29
47
2
30
11
2
30
12
2
30
13
2
30
14
2
30
18
2
30
19
1
30
23
2
30
30
2
30
38
4
30
43
4
30
44
4
30
45
4
30
46
4
30
47
2
31
11
2
31
12
2
31
13
2
31
14
2
31
18
2
31
19
2
31
30
2
31
38
4
31
43
4
31
44
4
31
45
4
31
46
4
31
47
2
32
14
2
32
18
2
32
19
2
32
30
2
32
38
4
32
43
4
32
44
4
32
45
4
32
46
4
32
47
2
33
14
2
33
18
2
33
19
2
33
30
2
33
38
4
33
43
4
33
44
4
33
45
4
33
46
4
33
47
2
34
14
2
34
18
2
34
19
2
34
30
2
34
38
4
34
43
4
34
44
4
34
45
4
34
46
4
34
47
2
35
14
2
35
18
2
35
19
2
35
30
4
35
43
4
35
44
4
35
45
4
35
46
4
35
47
2
36
14
2
36
18
2
36
19
2
36
20
2
36
21
2
36
22
2
36
23
2
36
24
2
36
25
2
36
26
2
36
27
2
36
28
2
36
30
2
36
42
4
36
43
4
36
44
4
36
45
4
36
46
4
36
47
2
37
14
2
37
18
2
37
19
2
37
20
2
37
21
2
37
22
2
37
23
2
37
24
2
37
25
2
37
26
2
37
27
2
37
28
2
37
30
2
37
42
4
37
43
4
37
44
4
37
45
4
37
46
4
37
47
2
38
14
2
38
18
2
38
19
2
38
20
2
38
21
2
38
22
2
38
23
2
38
24
2
38
25
2
38
26
2
38
27
2
38
28
2
38
30
2
38
42
4
38
43
4
38
44
4
38
45
4
38
46
4
38
47
2
39
14
2
39
18
2
39
19
2
39
20
2
39
21
2
39
22
2
39
30
2
39
42
4
39
43
4
39
44
4
39
45
4
39
46
4
39
47
2
40
14
2
40
18
2
40
19
2
40
20
2
40
21
2
40
22
2
40
30
2
40
41
2
40
42
4
40
43
4
40
44
4
40
45
4
40
46
4
40
47
2
41
14
2
41
18
2
41
19
2
41
20
2
41
21
2
41
22
1
41
25
2
41
30
2
41
41
2
41
42
4
41
43
4
41
44
4
41
45
4
41
46
4
41
47
2
42
14
2
42
18
2
42
19
2
42
20
2
42
21
2
42
22
2
42
30
2
42
41
2
42
42
4
42
43
4
42
44
4
42
45
4
42
46
4
42
47
2
43
14
2
43
18
2
43
19
2
43
20
2
43
21
2
43
22
2
43
30
2
43
41
2
43
42
4
43
43
4
43
44
4
43
45
4
43
46
4
43
47
2
44
14
2
44
18
2
44
19
2
44
20
2
44
21
2
44
22
2
44
23
2
44
24
2
44
25
2
44
26
2
44
27
2
44
28
2
44
30
2
44
40
2
44
41
2
44
42
4
44
43
4
44
44
4
44
45
4
44
46
4
44
47
2
45
14
2
45
18
2
45
19
2
45
20
2
45
21
2
45
22
2
45
23
2
45
24
2
45
25
2
45
26
2
45
27
2
45
28
2
45
30
2
45
40
2
45
41
2
45
42
4
45
43
4
45
44
4
45
45
4
45
46
4
45
47
2
46
14
2
46
18
2
46
19
2
46
20
2
46
21
2
46
22
2
46
23
2
46
24
2
46
25
2
46
26
2
46
27
2
46
28
2
46
30
2
46
40
2
46
41
2
46
42
4
46
43
4
46
44
4
46
45
4
46
46
4
46
47
2
47
14
2
47
18
2
47
19
2
47
20
2
47
21
2
47
22
2
47
30
2
47
40
2
47
41
2
47
42
4
47
43
4
47
44
4
47
45
4
47
46
4
47
47
2
48
14
2
48
18
2
48
19
2
48
20
2
48
21
2
48
22
2
48
30
2
48
39
2
48
40
2
48
41
2
48
42
4
48
43
4
48
44
4
48
45
4
48
46
4
48
47
2
49
14
2
49
18
2
49
19
2
49
20
2
49
21
2
49
22
1
49
25
2
49
30
2
49
39
2
49
40
2
49
41
2
49
42
4
49
43
4
49
44
4
49
45
4
49
46
4
49
47
2
50
14
2
50
18
2
50
19
2
50
20
2
50
21
2
50
22
2
50
30
2
50
39
2
50
40
2
50
41
2
50
42
4
50
43
4
50
44
4
50
45
4
50
46
4
50
47
2
51
14
2
51
18
2
51
19
2
51
20
2
51
21
2
51
22
2
51
30
2
51
39
2
51
40
2
51
41
2
51
42
4
51
43
4
51
44
4
51
45
4
51
46
4
51
47
2
52
14
2
52
18
2
52
19
2
52
20
2
52
21
2
52
22
2
52
23
2
52
24
2
52
25
2
52
26
2
52
27
2
52
28
2
52
30
2
52
38
2
52
39
2
52
40
2
52
41
2
52
42
4
52
43
4
52
44
4
52
45
4
52
46
4
52
47
2
53
14
2
53
18
2
53
19
2
53
20
2
53
21
2
53
22
2
53
23
2
53
24
2
53
25
2
53
26
2
53
27
2
53
28
2
53
30
2
53
38
2
53
39
2
53
40
2
53
41
2
53
42
4
53
43
4
53
44
4
53
45
4
53
46
4
53
47
2
54
14
2
54
18
2
54
19
2
54
20
2
54
21
2
54
22
2
54
23
2
54
24
2
54
25
2
54
26
2
54
27
2
54
28
2
54
30
2
54
38
2
54
39
2
54
40
2
54
41
2
54
42
4
54
43
4
54
44
4
54
45
4
54
46
4
54
47
2
55
14
2
55
18
2
55
19
2
55
20
2
55
21
2
55
22
2
55
30
2
55
38
2
55
39
2
55
40
2
55
41
2
55
42
4
55
43
4
55
44
4
55
45
4
55
46
4
55
47
2
56
14
2
56
18
2
56
19
2
56
20
2
56
21
2
56
22
2
56
30
2
56
37
2
56
38
2
56
39
2
56
40
2
56
41
2
56
42
4
56
43
4
56
44
4
56
45
4
56
46
4
56
47
2
57
14
2
57
18
2
57
19
2
57
20
2
57
21
2
57
22
1
57
25
2
57
30
2
57
37
2
57
38
2
57
39
2
57
40
2
57
41
2
57
42
4
57
43
4
57
44
4
57
45
4
57
46
4
57
47
2
58
14
2
58
18
2
58
19
2
58
20
2
58
21
2
58
22
2
58
30
2
58
37
2
58
38
2
58
39
2
58
40
2
58
41
2
58
42
4
58
43
4
58
44
4
58
45
4
58
46
4
58
47
2
59
14
2
59
18
2
59
19
2
59
20
2
59
21
2
59
22
2
59
30
2
59
37
2
59
38
2
59
39
2
59
40
2
59
41
2
59
42
4
59
43
4
59
44
4
59
45
4
59
46
4
59
47
2
60
14
2
60
18
2
60
19
2
60
20
2
60
21
2
60
22
2
60
23
2
60
24
2
60
25
2
60
26
2
60
27
2
60
28
2
60
30
2
60
36
2
60
37
2
60
38
2
60
39
2
60
40
2
60
41
2
60
42
4
60
43
4
60
44
4
60
45
4
60
46
4
60
47
2
61
14
2
61
18
2
61
19
2
61
20
2
61
21
2
61
22
2
61
23
2
61
24
2
61
25
2
61
26
2
61
27
2
61
28
2
61
30
2
61
36
2
61
37
2
61
38
2
61
39
2
61
40
2
61
41
2
61
42
4
61
43
4
61
44
4
61
45
4
61
46
4
61
47
2
62
14
2
62
18
2
62
19
2
62
20
2
62
21
2
62
22
2
62
23
2
62
24
2
62
25
2
62
26
2
62
27
2
62
28
2
62
30
2
62
36
2
62
37
2
62
38
2
62
39
2
62
40
2
62
41
2
62
42
4
62
43
4
62
44
4
62
45
4
62
46
4
62
47
2
63
18
2
63
19
2
63
20
2
63
21
2
63
22
2
63
30
2
63
36
2
63
37
2
63
38
2
63
39
2
63
40
2
63
41
2
63
42
4
63
43
4
63
44
4
63
45
4
63
46
4
63
47
2
64
18
2
64
19
2
64
20
2
64
21
2
64
22
2
64
30
2
64
35
2
64
36
2
64
37
2
64
38
2
64
39
2
64
40
2
64
41
2
64
42
4
64
43
4
64
44
4
64
45
4
64
46
4
64
47
2
65
18
2
65
19
2
65
20
2
65
21
2
65
22
1
65
25
2
65
30
2
65
35
2
65
36
2
65
37
2
65
38
2
65
39
2
65
40
2
65
41
2
65
42
4
65
43
4
65
44
4
65
45
4
65
46
4
65
47
2
66
18
2
66
19
2
66
20
2
66
21
2
66
22
2
66
30
2
66
35
2
66
36
2
66
37
2
66
38
2
66
39
2
66
40
2
66
41
2
66
42
4
66
43
4
66
44
4
66
45
4
66
46
4
66
47
2
67
18
2
67
19
2
67
20
2
67
21
2
67
22
2
67
30
2
67
35
2
67
36
2
67
37
2
67
38
2
67
39
2
67
40
2
67
41
2
67
42
4
67
43
4
67
44
4
67
45
4
67
46
4
67
47
2
68
18
2
68
19
2
68
20
2
68
21
2
68
22
2
68
23
2
68
24
2
68
25
2
68
26
2
68
27
2
68
28
2
68
30
2
68
34
2
68
35
2
68
36
2
68
37
2
68
38
2
68
39
2
68
40
2
68
41
2
68
42
4
68
43
4
68
44
4
68
45
4
68
46
4
68
47
2
69
14
2
69
18
2
69
19
2
69
20
2
69
21
2
69
22
2
69
23
2
69
24
2
69
25
2
69
26
2
69
27
2
69
28
2
69
30
2
69
34
2
69
35
2
69
36
2
69
37
2
69
38
2
69
39
2
69
40
2
69
41
2
69
42
4
69
43
4
69
44
4
69
45
4
69
46
4
69
47
2
70
14
2
70
18
2
70
19
2
70
20
2
70
21
2
70
22
2
70
23
2
70
24
2
70
25
2
70
26
2
70
27
2
70
28
2
70
30
2
70
34
2
70
35
2
70
36
2
70
37
2
70
38
2
70
39
2
70
40
2
70
41
2
70
42
4
70
43
4
70
44
4
70
45
4
70
46
4
70
47
2
71
14
2
71
18
2
71
19
2
71
30
2
71
34
2
71
35
2
71
36
2
71
37
2
71
38
2
71
39
2
71
40
2
71
41
2
71
42
4
71
43
4
71
44
4
71
45
4
71
46
4
71
47
2
72
14
2
72
18
2
72
19
2
72
30
2
72
34
2
72
35
2
72
36
2
72
37
2
72
38
2
72
39
2
72
40
2
72
41
2
72
42
4
72
43
4
72
44
4
72
45
4
72
46
4
72
47
2
73
14
2
73
18
2
73
19
2
73
30
2
73
34
2
73
35
2
73
36
2
73
37
2
73
38
2
73
39
2
73
40
2
73
41
2
73
42
4
73
43
4
73
44
4
73
45
4
73
46
4
73
47
2
74
14
2
74
18
2
74
19
2
74
27
2
74
30
2
74
34
2
74
35
2
74
36
2
74
37
2
74
38
2
74
39
2
74
40
2
74
41
2
74
42
4
74
43
4
74
44
4
74
45
4
74
46
4
74
47
2
75
14
2
75
18
2
75
19
2
75
26
2
75
30
2
75
34
2
75
35
2
75
36
2
75
37
2
75
38
2
75
39
2
75
40
2
75
41
2
75
42
4
75
43
4
75
44
4
75
45
4
75
46
4
75
47
2
76
14
2
76
18
2
76
19
2
76
26
2
76
30
3
76
31
2
76
34
2
76
35
2
76
36
2
76
37
2
76
38
2
76
39
2
76
40
2
76
41
2
76
42
4
76
43
4
76
44
4
76
45
4
76
46
4
76
47
2
77
14
2
77
18
2
77
19
1
77
22
2
77
26
2
77
30
2
77
34
2
77
35
2
77
36
2
77
37
2
77
38
2
77
39
2
77
40
2
77
41
2
77
42
4
77
43
4
77
44
4
77
45
4
77
46
4
77
47
1
78
9
2
78
14
2
78
18
2
78
19
2
78
26
2
78
30
2
78
34
2
78
35
2
78
36
2
78
37
2
78
38
2
78
39
2
78
40
2
78
41
2
78
42
4
78
43
4
78
44
4
78
45
4
78
46
4
78
47
2
79
14
2
79
18
2
79
19
2
79
26
2
79
30
2
79
34
2
79
35
2
79
36
2
79
37
2
79
38
2
79
39
2
79
40
2
79
41
2
79
42
4
79
43
4
79
44
4
79
45
4
79
46
4
79
47
+--+