ZookieSpriteInfo.txt
80
48
16
40
5
4
0
42
4
0
43
4
0
44
4
0
45
4
0
46
4
0
47
4
1
42
4
1
43
4
1
44
4
1
45
4
1
46
4
1
47
4
2
42
4
2
43
4
2
44
4
2
45
4
2
46
4
2
47
2
3
41
4
3
42
4
3
43
4
3
44
4
3
45
4
3
46
4
3
47
2
4
41
4
4
42
4
4
43
4
4
44
4
4
45
4
4
46
4
4
47
2
5
41
4
5
42
4
5
43
4
5
44
4
5
45
4
5
46
4
5
47
1
6
39
2
6
41
4
6
42
4
6
43
4
6
44
4
6
45
4
6
46
4
6
47
2
7
41
4
7
42
4
7
43
4
7
44
4
7
45
4
7
46
4
7
47
2
8
41
4
8
42
4
8
43
4
8
44
4
8
45
4
8
46
4
8
47
2
9
41
4
9
42
4
9
43
4
9
44
4
9
45
4
9
46
4
9
47
2
10
32
4
10
42
4
10
43
4
10
44
4
10
45
4
10
46
4
10
47
2
11
32
4
11
42
4
11
43
4
11
44
4
11
45
4
11
46
4
11
47
2
12
32
4
12
42
4
12
43
4
12
44
4
12
45
4
12
46
4
12
47
1
13
30
2
13
32
4
13
42
4
13
43
4
13
44
4
13
45
4
13
46
4
13
47
2
14
32
4
14
42
4
14
43
4
14
44
4
14
45
4
14
46
4
14
47
2
15
32
2
15
41
4
15
42
4
15
43
4
15
44
4
15
45
4
15
46
4
15
47
2
16
32
2
16
41
4
16
42
4
16
43
4
16
44
4
16
45
4
16
46
4
16
47
2
17
24
2
17
32
2
17
41
4
17
42
4
17
43
4
17
44
4
17
45
4
17
46
4
17
47
2
18
24
2
18
41
4
18
42
4
18
43
4
18
44
4
18
45
4
18
46
4
18
47
2
19
24
1
19
39
2
19
41
4
19
42
4
19
43
4
19
44
4
19
45
4
19
46
4
19
47
1
20
22
2
20
24
2
20
41
4
20
42
4
20
43
4
20
44
4
20
45
4
20
46
4
20
47
2
21
24
2
21
41
4
21
42
4
21
43
4
21
44
4
21
45
4
21
46
4
21
47
2
22
24
2
22
41
4
22
42
4
22
43
4
22
44
4
22
45
4
22
46
4
22
47
2
23
18
2
23
24
2
23
32
4
23
42
4
23
43
4
23
44
4
23
45
4
23
46
4
23
47
2
24
18
2
24
32
4
24
42
4
24
43
4
24
44
4
24
45
4
24
46
4
24
47
2
25
18
2
25
32
4
25
42
4
25
43
4
25
44
4
25
45
4
25
46
4
25
47
2
26
18
1
26
30
2
26
32
4
26
42
4
26
43
4
26
44
4
26
45
4
26
46
4
26
47
1
27
16
2
27
18
2
27
32
4
27
42
4
27
43
4
27
44
4
27
45
4
27
46
4
27
47
2
28
18
2
28
32
2
28
41
4
28
42
4
28
43
4
28
44
4
28
45
4
28
46
4
28
47
2
29
18
2
29
32
2
29
41
4
29
42
4
29
43
4
29
44
4
29
45
4
29
46
4
29
47
2
30
12
2
30
18
2
30
24
2
30
41
4
30
42
4
30
43
4
30
44
4
30
45
4
30
46
4
30
47
2
31
12
2
31
18
2
31
24
1
31
39
2
31
41
4
31
42
4
31
43
4
31
44
4
31
45
4
31
46
4
31
47
2
32
12
2
32
24
2
32
41
4
32
42
4
32
43
4
32
44
4
32
45
4
32
46
4
32
47
1
33
10
2
33
12
2
33
24
2
33
41
4
33
42
4
33
43
4
33
44
4
33
45
4
33
46
4
33
47
2
34
12
1
34
22
2
34
24
2
34
41
4
34
42
4
34
43
4
34
44
4
34
45
4
34
46
4
34
47
2
35
12
2
35
24
2
35
32
4
35
42
4
35
43
4
35
44
4
35
45
4
35
46
4
35
47
2
36
7
2
36
12
2
36
24
2
36
32
4
36
42
4
36
43
4
36
44
4
36
45
4
36
46
4
36
47
2
37
7
2
37
12
2
37
18
2
37
24
2
37
32
4
37
42
4
37
43
4
37
44
4
37
45
4
37
46
4
37
47
2
38
7
2
38
18
1
38
30
2
38
32
4
38
42
4
38
43
4
38
44
4
38
45
4
38
46
4
38
47
2
39
7
2
39
18
2
39
32
4
39
42
4
39
43
4
39
44
4
39
45
4
39
46
4
39
47
2
40
7
1
40
16
2
40
18
2
40
32
2
40
41
4
40
42
4
40
43
4
40
44
4
40
45
4
40
46
4
40
47
2
41
7
2
41
18
2
41
32
2
41
41
4
41
42
4
41
43
4
41
44
4
41
45
4
41
46
4
41
47
2
42
7
2
42
18
2
42
41
4
42
42
4
42
43
4
42
44
4
42
45
4
42
46
4
42
47
2
43
7
2
43
12
2
43
18
2
43
24
2
43
41
4
43
42
4
43
43
4
43
44
4
43
45
4
43
46
4
43
47
2
44
12
2
44
18
2
44
24
1
44
39
2
44
41
4
44
42
4
44
43
4
44
44
4
44
45
4
44
46
4
44
47
2
45
12
2
45
24
2
45
41
4
45
42
4
45
43
4
45
44
4
45
45
4
45
46
4
45
47
1
46
10
2
46
12
2
46
24
2
46
41
4
46
42
4
46
43
4
46
44
4
46
45
4
46
46
4
46
47
2
47
12
1
47
22
2
47
24
2
47
41
4
47
42
4
47
43
4
47
44
4
47
45
4
47
46
4
47
47
2
48
12
2
48
24
2
48
32
4
48
42
4
48
43
4
48
44
4
48
45
4
48
46
4
48
47
2
49
12
2
49
24
2
49
32
4
49
42
4
49
43
4
49
44
4
49
45
4
49
46
4
49
47
2
50
12
2
50
18
2
50
24
2
50
32
4
50
42
4
50
43
4
50
44
4
50
45
4
50
46
4
50
47
2
51
18
2
51
24
1
51
30
2
51
32
4
51
42
4
51
43
4
51
44
4
51
45
4
51
46
4
51
47
2
52
18
2
52
32
4
52
42
4
52
43
4
52
44
4
52
45
4
52
46
4
52
47
2
53
18
2
53
32
2
53
41
4
53
42
4
53
43
4
53
44
4
53
45
4
53
46
4
53
47
1
54
16
2
54
18
2
54
32
2
54
41
4
54
42
4
54
43
4
54
44
4
54
45
4
54
46
4
54
47
2
55
18
2
55
32
2
55
41
4
55
42
4
55
43
4
55
44
4
55
45
4
55
46
4
55
47
2
56
18
2
56
41
4
56
42
4
56
43
4
56
44
4
56
45
4
56
46
4
56
47
2
57
18
2
57
24
1
57
39
2
57
41
4
57
42
4
57
43
4
57
44
4
57
45
4
57
46
4
57
47
2
58
24
2
58
41
4
58
42
4
58
43
4
58
44
4
58
45
4
58
46
4
58
47
2
59
24
2
59
41
4
59
42
4
59
43
4
59
44
4
59
45
4
59
46
4
59
47
1
60
22
2
60
24
2
60
41
4
60
42
4
60
43
4
60
44
4
60
45
4
60
46
4
60
47
2
61
24
2
61
32
4
61
42
4
61
43
4
61
44
4
61
45
4
61
46
4
61
47
2
62
24
2
62
32
4
62
42
4
62
43
4
62
44
4
62
45
4
62
46
4
62
47
2
63
24
2
63
32
4
63
42
4
63
43
4
63
44
4
63
45
4
63
46
4
63
47
2
64
24
1
64
30
2
64
32
2
64
40
2
64
41
4
64
42
4
64
43
4
64
44
4
64
45
4
64
46
4
64
47
2
65
32
2
65
40
2
65
41
4
65
42
4
65
43
4
65
44
4
65
45
4
65
46
4
65
47
2
66
32
2
66
40
2
66
41
4
66
42
4
66
43
4
66
44
4
66
45
4
66
46
4
66
47
2
67
32
2
67
40
2
67
41
4
67
42
4
67
43
4
67
44
4
67
45
4
67
46
4
67
47
2
68
32
2
68
40
2
68
41
4
68
42
4
68
43
4
68
44
4
68
45
4
68
46
4
68
47
2
69
39
2
69
40
2
69
41
4
69
42
4
69
43
4
69
44
4
69
45
4
69
46
4
69
47
2
70
39
2
70
40
2
70
41
4
70
42
4
70
43
4
70
44
4
70
45
4
70
46
4
70
47
2
71
39
2
71
40
2
71
41
4
71
42
4
71
43
4
71
44
4
71
45
4
71
46
4
71
47
2
72
39
2
72
40
2
72
41
4
72
42
4
72
43
4
72
44
4
72
45
4
72
46
4
72
47
2
73
39
2
73
40
2
73
41
4
73
42
4
73
43
4
73
44
4
73
45
4
73
46
4
73
47
2
74
38
2
74
39
2
74
40
2
74
41
4
74
42
4
74
43
4
74
44
4
74
45
4
74
46
4
74
47
2
75
38
2
75
39
2
75
40
2
75
41
4
75
42
4
75
43
4
75
44
4
75
45
4
75
46
4
75
47
3
76
35
2
76
38
2
76
39
2
76
40
2
76
41
4
76
42
4
76
43
4
76
44
4
76
45
4
76
46
4
76
47
2
77
38
2
77
39
2
77
40
2
77
41
4
77
42
4
77
43
4
77
44
4
77
45
4
77
46
4
77
47
2
78
38
2
78
39
2
78
40
2
78
41
4
78
42
4
78
43
4
78
44
4
78
45
4
78
46
4
78
47
2
79
38
2
79
39
2
79
40
2
79
41
4
79
42
4
79
43
4
79
44
4
79
45
4
79
46
4
79
47
+--+