ZookieSpriteInfo.txt
80
48
16
2
2
2
0
2
2
0
3
2
0
4
2
0
5
2
0
6
2
0
7
2
0
8
2
0
9
2
0
10
2
0
11
2
0
12
2
0
13
2
0
14
2
0
15
2
0
16
2
0
17
2
0
18
2
0
19
2
0
20
2
0
21
2
0
22
2
0
23
2
0
24
2
0
25
2
0
26
2
0
27
2
0
28
2
0
29
2
0
30
2
0
31
2
0
32
2
0
33
2
0
34
2
1
33
2
1
34
2
2
33
2
2
34
2
2
35
2
3
2
2
3
3
2
3
4
2
3
5
2
3
6
2
3
7
2
3
8
2
3
9
2
3
10
2
3
11
2
3
12
2
3
13
2
3
14
2
3
15
2
3
16
2
3
17
2
3
18
2
3
19
2
3
20
2
3
21
2
3
22
2
3
23
2
3
24
2
3
25
2
3
26
4
3
27
2
3
33
2
3
34
2
3
35
2
4
25
2
4
26
4
4
27
2
4
33
2
4
34
2
4
35
2
4
36
2
4
37
2
4
38
2
4
45
2
5
25
2
5
26
4
5
27
4
5
28
2
5
33
2
5
34
2
5
35
2
5
36
2
5
38
2
5
42
2
5
43
2
5
44
2
5
45
2
5
46
2
6
25
2
6
26
4
6
27
4
6
28
4
6
29
2
6
33
2
6
34
2
6
35
2
6
36
2
6
37
2
6
38
2
6
39
2
6
40
2
6
41
2
6
42
2
6
43
2
6
45
2
6
46
2
7
25
2
7
26
4
7
27
4
7
28
4
7
29
2
7
33
2
7
34
2
7
35
2
7
36
2
7
37
2
7
38
2
7
39
2
7
40
2
7
41
2
7
42
2
7
43
2
7
44
2
7
45
2
7
46
2
7
47
2
8
25
2
8
26
4
8
27
4
8
28
4
8
29
2
8
33
2
8
34
2
8
35
2
8
36
2
8
37
2
8
38
2
8
39
2
8
40
2
8
41
2
8
42
2
8
43
2
8
44
2
8
45
2
9
25
2
9
26
4
9
27
4
9
28
4
9
29
2
9
33
2
9
34
2
9
35
2
9
36
2
9
37
2
9
38
2
9
39
2
9
40
2
9
41
2
9
42
2
9
43
2
9
44
2
10
25
2
10
26
4
10
27
4
10
28
2
10
33
2
10
34
2
10
35
2
10
36
2
10
37
2
10
38
2
10
39
2
10
40
2
10
41
2
10
42
2
10
43
2
11
25
2
11
26
4
11
27
4
11
28
2
11
33
2
11
34
2
11
35
2
11
36
2
11
37
2
11
38
2
11
39
2
11
40
2
11
41
2
11
42
2
11
43
2
12
25
2
12
26
4
12
27
2
12
33
2
12
34
2
12
35
2
12
36
2
12
37
2
12
38
2
12
39
2
12
40
2
12
41
2
12
42
2
12
43
2
13
25
2
13
26
4
13
27
2
13
33
2
13
34
2
13
35
2
13
36
2
13
37
2
13
38
2
13
39
2
13
40
2
13
41
2
13
42
2
13
43
4
14
16
4
14
17
2
14
25
2
14
26
2
14
33
2
14
34
2
14
42
2
14
43
4
15
8
4
15
9
4
15
10
4
15
11
4
15
12
4
15
17
4
15
18
2
15
25
2
15
26
1
15
29
2
15
33
2
15
34
2
15
35
2
15
36
2
15
37
2
15
38
2
15
39
2
15
40
2
15
42
2
15
43
4
16
7
4
16
8
4
16
12
4
16
18
2
16
25
2
16
26
2
16
33
2
16
34
2
16
35
2
16
36
2
16
37
2
16
38
2
16
39
2
16
40
2
16
42
2
16
43
4
17
7
4
17
13
4
17
18
2
17
25
2
17
26
4
17
27
2
17
33
2
17
34
2
17
35
2
17
36
2
17
37
2
17
38
2
17
39
2
17
40
2
17
42
2
17
43
4
18
7
4
18
8
4
18
13
4
18
18
2
18
25
2
18
26
4
18
27
2
18
33
2
18
34
2
18
35
2
18
36
2
18
37
2
18
38
2
18
39
2
18
40
2
18
42
2
18
43
4
19
8
4
19
9
4
19
13
4
19
14
4
19
17
4
19
18
2
19
25
2
19
26
4
19
27
4
19
28
2
19
33
2
19
34
2
19
35
2
19
36
2
19
37
2
19
38
2
19
39
2
19
40
2
19
41
2
19
42
2
19
43
4
20
9
4
20
14
4
20
15
4
20
16
4
20
17
2
20
25
2
20
26
4
20
27
4
20
28
2
20
33
2
20
34
2
20
35
2
20
36
2
20
37
2
20
38
2
20
39
2
20
40
2
20
41
2
20
42
2
20
43
2
21
25
2
21
26
4
21
27
4
21
28
4
21
29
2
21
33
2
21
34
2
21
42
2
21
43
4
22
10
4
22
11
4
22
12
4
22
13
4
22
14
4
22
15
2
22
25
2
22
26
4
22
27
4
22
28
4
22
29
2
22
33
2
22
34
2
22
36
2
22
37
2
22
39
2
22
40
2
22
42
2
22
43
4
23
8
4
23
9
4
23
10
4
23
12
4
23
16
4
23
17
2
23
25
2
23
26
4
23
27
4
23
28
4
23
29
2
23
33
2
23
34
2
23
36
2
23
37
2
23
39
2
23
40
2
23
42
2
23
43
4
24
7
4
24
8
4
24
12
4
24
18
2
24
25
2
24
26
4
24
27
4
24
28
4
24
29
2
24
33
2
24
34
2
24
36
2
24
37
2
24
39
2
24
40
2
24
42
2
24
43
4
25
7
4
25
12
4
25
18
2
25
25
2
25
26
4
25
27
4
25
28
4
25
29
2
25
33
2
25
34
2
25
36
2
25
37
2
25
39
2
25
40
2
25
42
2
25
43
4
26
7
4
26
8
4
26
11
4
26
12
4
26
18
2
26
25
2
26
26
4
26
27
4
26
28
4
26
29
2
26
33
2
26
34
2
26
36
2
26
37
2
26
39
2
26
40
2
26
42
2
26
43
4
27
8
4
27
9
4
27
11
4
27
18
2
27
25
2
27
26
4
27
27
4
27
28
4
27
29
2
27
33
2
27
34
2
27
35
2
27
36
2
27
37
2
27
38
2
27
39
2
27
40
2
27
41
2
27
42
2
27
43
4
28
9
4
28
10
4
28
11
4
28
17
2
28
25
2
28
26
4
28
27
4
28
28
4
28
29
2
28
33
2
28
34
2
28
35
2
28
36
2
28
37
2
28
38
2
28
39
2
28
40
2
28
41
2
28
42
2
28
43
4
29
16
4
29
17
2
29
25
2
29
26
4
29
27
4
29
28
4
29
29
2
29
33
2
29
34
2
29
36
2
29
37
2
29
38
2
29
39
2
29
40
2
29
41
2
29
42
2
29
43
2
30
25
2
30
26
4
30
27
4
30
28
4
30
29
2
30
33
2
30
34
2
30
36
2
30
37
2
30
38
2
30
39
2
30
40
2
30
41
2
30
42
2
30
43
2
31
25
2
31
26
4
31
27
4
31
28
4
31
29
2
31
33
2
31
34
2
31
38
2
31
39
2
31
40
2
31
41
2
31
42
2
31
43
4
32
10
4
32
11
4
32
12
4
32
13
4
32
14
4
32
15
2
32
25
2
32
26
4
32
27
4
32
28
2
32
33
2
32
34
2
32
36
2
32
39
2
32
40
2
32
41
2
32
42
2
32
43
4
33
8
4
33
9
4
33
16
4
33
17
2
33
25
2
33
26
4
33
27
4
33
28
2
33
33
2
33
34
2
33
35
2
33
36
2
33
37
2
33
40
2
33
41
2
33
42
2
33
43
4
34
7
4
34
17
2
34
25
2
34
26
4
34
27
2
34
33
2
34
34
2
34
35
2
34
36
2
34
37
2
34
38
2
34
41
2
34
42
2
34
43
4
35
7
4
35
17
4
35
18
2
35
25
2
35
26
4
35
27
2
35
33
2
35
34
2
35
35
2
35
36
2
35
37
2
35
38
2
35
39
2
35
42
2
35
43
4
36
7
4
36
18
2
36
25
2
36
26
4
36
27
2
36
33
2
36
34
2
36
35
2
36
36
2
36
37
2
36
38
2
36
41
2
36
42
2
36
43
4
37
7
4
37
18
2
37
25
2
37
26
4
37
27
2
37
33
2
37
34
2
37
35
2
37
36
2
37
37
2
37
40
2
37
41
2
37
42
2
37
43
4
38
8
4
38
18
2
38
25
2
38
26
2
38
33
2
38
34
2
38
36
2
38
39
2
38
40
2
38
41
2
38
42
2
38
43
4
39
8
4
39
17
4
39
18
2
39
25
2
39
26
1
39
29
2
39
33
2
39
34
2
39
38
2
39
39
2
39
40
2
39
41
2
39
42
2
39
43
4
40
16
2
40
25
2
40
26
2
40
33
2
40
34
2
40
36
2
40
37
2
40
38
2
40
39
2
40
40
2
40
41
2
40
42
2
40
43
4
41
10
2
41
25
2
41
26
4
41
27
2
41
33
2
41
34
2
41
35
2
41
36
2
41
37
2
41
38
2
41
39
2
41
40
2
41
41
2
41
42
2
41
43
4
42
9
4
42
10
2
42
25
2
42
26
4
42
27
2
42
33
2
42
34
2
42
35
2
42
36
2
42
37
2
42
38
2
42
39
2
42
40
2
42
41
2
42
42
2
42
43
4
43
8
4
43
9
2
43
25
2
43
26
4
43
27
2
43
33
2
43
34
2
43
42
2
43
43
4
44
7
4
44
8
4
44
9
4
44
10
4
44
11
4
44
12
4
44
13
4
44
14
4
44
15
4
44
16
4
44
17
4
44
18
2
44
25
2
44
26
4
44
27
4
44
28
2
44
33
2
44
34
2
44
36
2
44
37
2
44
39
2
44
40
2
44
42
2
44
43
4
45
9
4
45
10
4
45
11
2
45
25
2
45
26
4
45
27
4
45
28
2
45
33
2
45
34
2
45
36
2
45
37
2
45
39
2
45
40
2
45
42
2
45
43
4
46
8
4
46
9
2
46
25
2
46
26
4
46
27
4
46
28
4
46
29
2
46
33
2
46
34
2
46
36
2
46
37
2
46
39
2
46
40
2
46
42
2
46
43
4
47
8
2
47
25
2
47
26
4
47
27
4
47
28
4
47
29
2
47
33
2
47
34
2
47
36
2
47
37
2
47
39
2
47
40
2
47
42
2
47
43
4
48
8
2
48
25
2
48
26
4
48
27
4
48
28
4
48
29
2
48
33
2
48
34
2
48
36
2
48
37
2
48
39
2
48
40
2
48
42
2
48
43
4
49
8
4
49
9
2
49
25
2
49
26
4
49
27
4
49
28
4
49
29
2
49
33
2
49
34
2
49
35
2
49
36
2
49
37
2
49
38
2
49
39
2
49
40
2
49
41
2
49
42
2
49
43
2
50
25
2
50
26
4
50
27
4
50
28
4
50
29
2
50
33
2
50
34
2
50
35
2
50
36
2
50
37
2
50
38
2
50
39
2
50
40
2
50
41
2
50
42
2
50
43
4
51
9
4
51
10
4
51
11
4
51
12
4
51
13
4
51
14
4
51
15
4
51
16
2
51
25
2
51
26
4
51
27
4
51
28
4
51
29
2
51
33
2
51
34
2
51
35
2
51
36
2
51
37
2
51
38
2
51
39
2
51
40
2
51
41
2
51
42
2
51
43
4
52
8
4
52
9
4
52
12
4
52
13
4
52
16
4
52
17
2
52
25
2
52
26
4
52
27
4
52
28
4
52
29
2
52
33
2
52
34
2
52
42
2
52
43
4
53
8
4
53
12
4
53
17
2
53
25
2
53
26
4
53
27
4
53
28
4
53
29
2
53
33
2
53
34
2
53
35
2
53
36
2
53
37
2
53
38
2
53
39
2
53
40
2
53
42
2
53
43
4
54
8
4
54
12
4
54
17
2
54
25
2
54
26
4
54
27
4
54
28
4
54
29
2
54
33
2
54
34
2
54
35
2
54
36
2
54
37
2
54
38
2
54
39
2
54
40
2
54
42
2
54
43
4
55
8
4
55
12
4
55
17
2
55
25
2
55
26
4
55
27
4
55
28
4
55
29
2
55
33
2
55
34
2
55
35
2
55
36
2
55
37
2
55
38
2
55
39
2
55
40
2
55
42
2
55
43
4
56
8
4
56
11
4
56
12
4
56
17
2
56
25
2
56
26
4
56
27
4
56
28
4
56
29
2
56
33
2
56
34
2
56
35
2
56
36
2
56
37
2
56
38
2
56
39
2
56
40
2
56
42
2
56
43
4
57
8
4
57
9
4
57
10
4
57
11
4
57
17
2
57
25
2
57
26
4
57
27
4
57
28
2
57
33
2
57
34
2
57
35
2
57
36
2
57
37
2
57
38
2
57
39
2
57
40
2
57
42
2
57
43
4
58
9
4
58
10
4
58
16
4
58
17
2
58
25
2
58
26
4
58
27
4
58
28
2
58
33
2
58
34
2
58
35
2
58
36
2
58
37
2
58
38
2
58
39
2
58
40
2
58
41
2
58
42
2
58
43
4
59
15
4
59
16
2
59
25
2
59
26
4
59
27
2
59
33
2
59
34
2
59
35
2
59
36
2
59
37
2
59
38
2
59
39
2
59
40
2
59
41
2
59
42
2
59
43
2
60
25
2
60
26
4
60
27
2
60
33
1
60
34
1
60
35
1
60
36
1
60
37
1
60
38
1
60
39
2
60
40
1
60
41
2
60
42
2
60
43
2
61
25
2
61
26
2
61
33
2
61
34
2
61
35
2
61
36
2
61
37
2
61
38
2
61
39
2
61
40
2
61
41
2
61
42
2
61
43
4
62
8
2
62
25
2
62
26
1
62
29
2
62
33
2
62
34
2
62
35
2
62
36
2
62
37
2
62
38
2
62
39
2
62
40
2
62
41
2
62
42
2
62
43
4
63
8
2
63
25
2
63
26
2
63
33
2
63
34
2
63
35
2
63
36
2
63
37
2
63
38
2
63
39
2
63
40
2
63
41
2
63
42
2
63
43
4
64
7
4
64
8
4
64
9
4
64
10
4
64
11
4
64
12
4
64
13
4
64
14
4
64
15
4
64
16
2
64
25
2
64
26
4
64
27
2
64
33
2
64
34
2
64
35
2
64
36
2
64
37
2
64
38
2
64
39
2
64
40
2
64
41
2
64
42
2
64
43
4
65
6
4
65
7
4
65
8
4
65
9
4
65
16
4
65
17
2
65
25
2
65
26
4
65
27
2
65
33
2
65
34
2
65
35
2
65
36
2
65
38
2
65
39
2
65
40
2
65
41
2
65
42
2
65
43
4
66
8
4
66
17
2
66
25
2
66
26
4
66
27
4
66
28
2
66
33
2
66
34
2
66
36
2
66
38
2
66
39
2
66
40
2
66
41
2
66
42
2
66
43
4
67
8
4
67
15
4
67
16
2
67
25
2
67
26
4
67
27
4
67
28
2
67
33
2
67
34
2
67
36
2
67
38
2
67
39
2
67
40
2
67
41
2
67
42
2
67
43
2
68
25
2
68
26
4
68
27
4
68
28
4
68
29
2
68
33
2
68
34
2
68
35
2
68
36
2
68
37
2
68
38
2
68
39
2
68
40
2
68
41
2
68
42
2
68
43
2
68
44
2
68
45
2
68
46
2
68
47
2
69
25
2
69
26
4
69
27
4
69
28
4
69
29
2
69
33
2
69
34
2
69
35
2
69
36
2
69
37
2
69
39
2
69
40
2
69
41
2
69
42
2
69
43
2
69
44
2
69
45
2
69
46
2
69
47
2
70
25
2
70
26
4
70
27
4
70
28
4
70
29
2
70
33
2
70
34
2
70
36
2
70
37
2
70
38
2
70
39
2
70
40
2
70
41
2
70
42
2
70
43
2
70
44
2
70
46
2
70
47
2
71
25
2
71
26
4
71
27
4
71
28
4
71
29
2
71
33
2
71
34
2
71
35
2
71
36
2
71
37
2
71
38
2
71
39
2
71
40
2
71
42
2
71
43
2
71
47
2
72
25
2
72
26
4
72
27
4
72
28
4
72
29
2
72
33
2
72
34
2
72
35
2
72
36
2
72
37
2
72
38
2
72
39
2
72
40
2
72
41
2
72
43
2
72
44
2
72
45
2
72
46
2
72
47
2
73
25
2
73
26
4
73
27
4
73
28
4
73
29
2
73
33
2
73
34
2
73
36
2
73
37
2
73
38
2
73
39
2
73
40
2
73
41
2
73
42
2
73
43
2
74
25
2
74
26
4
74
27
4
74
28
4
74
29
2
74
33
2
74
34
2
74
36
2
74
37
2
74
38
2
74
39
2
75
25
2
75
26
4
75
27
4
75
28
4
75
29
2
75
33
2
75
34
2
75
36
2
75
37
2
76
25
2
76
26
4
76
27
4
76
28
4
76
29
3
76
32
2
76
36
2
77
25
2
77
26
4
77
27
4
77
28
4
77
29
2
77
35
2
77
36
2
78
25
2
78
26
4
78
27
4
78
28
4
78
29
2
78
35
2
79
25
2
79
26
4
79
27
4
79
28
4
79
29
+--+