ZookieSpriteInfo.txt
80
48
16
6
15
4
0
8
4
0
9
2
0
10
4
0
31
4
0
32
4
1
8
4
1
9
2
1
10
4
1
31
4
1
32
4
2
8
4
2
9
2
2
10
4
2
31
4
2
32
4
3
8
4
3
9
2
3
10
4
3
31
4
3
32
4
4
8
4
4
9
2
4
10
4
4
31
4
4
32
4
5
8
4
5
9
2
5
10
2
5
17
4
5
31
4
5
32
4
6
8
4
6
9
2
6
10
2
6
17
2
6
18
4
6
31
4
6
32
4
7
8
4
7
9
2
7
10
1
7
12
2
7
17
2
7
18
2
7
19
2
7
20
4
7
31
4
7
32
4
8
8
4
8
9
2
8
10
2
8
17
2
8
18
2
8
19
2
8
20
2
8
21
2
8
22
4
8
31
4
8
32
4
9
8
4
9
9
2
9
10
2
9
17
2
9
18
2
9
19
4
9
31
4
9
32
4
10
8
4
10
9
4
10
10
4
10
11
4
10
12
2
10
17
2
10
18
2
10
19
4
10
31
4
10
32
4
11
8
4
11
9
2
11
10
2
11
17
2
11
18
2
11
19
2
11
20
4
11
31
4
11
32
4
12
8
4
12
9
2
12
10
2
12
17
2
12
18
2
12
19
2
12
20
2
12
21
2
12
22
4
12
31
4
12
32
4
13
8
4
13
9
2
13
10
1
13
12
2
13
17
2
13
18
2
13
19
2
13
20
2
13
21
2
13
22
2
13
23
2
13
24
4
13
31
4
13
32
4
14
8
4
14
9
2
14
10
2
14
17
2
14
18
4
14
31
4
14
32
4
15
8
4
15
9
2
15
10
4
15
31
4
15
32
4
16
8
4
16
9
4
16
10
4
16
11
4
16
31
4
16
32
4
17
8
4
17
9
2
17
10
4
17
31
4
17
32
4
18
8
4
18
9
2
18
10
2
18
17
4
18
31
4
18
32
4
19
8
4
19
9
2
19
10
1
19
12
2
19
17
2
19
18
4
19
31
4
19
32
4
20
8
4
20
9
2
20
10
2
20
17
2
20
18
4
20
31
4
20
32
4
21
8
4
21
9
2
21
10
2
21
17
2
21
18
2
21
19
4
21
31
4
21
32
4
22
8
4
22
9
4
22
10
4
22
11
4
22
12
2
22
17
2
22
19
2
22
20
2
22
21
4
22
31
4
22
32
4
23
8
4
23
9
2
23
10
2
23
17
2
23
18
2
23
19
2
23
20
2
23
22
2
23
24
4
23
31
4
23
32
4
24
8
4
24
9
2
24
10
4
24
14
2
24
17
2
24
18
2
24
19
2
24
22
2
24
23
2
24
24
2
24
25
4
24
31
4
24
32
4
25
8
4
25
9
2
25
10
4
25
14
2
25
17
2
25
18
2
25
19
2
25
20
2
25
21
2
25
22
2
25
23
2
25
24
2
25
25
2
25
26
2
25
27
4
25
31
4
25
32
4
26
8
4
26
9
2
26
10
4
26
14
2
26
25
4
26
31
4
26
32
4
27
8
4
27
9
2
27
10
4
27
14
2
27
25
2
27
31
2
27
32
4
28
8
4
28
9
2
28
10
4
28
14
2
28
21
2
28
31
2
28
32
4
29
8
4
29
9
2
29
10
4
29
14
2
29
21
2
29
31
2
29
32
4
30
8
4
30
9
2
30
10
2
30
11
2
30
12
2
30
13
2
30
14
2
30
15
2
30
16
2
30
17
2
30
18
2
30
19
2
30
20
2
30
21
2
30
22
2
30
23
2
30
31
2
30
32
4
31
8
4
31
9
2
31
10
2
31
11
2
31
12
2
31
13
2
31
14
2
31
15
2
31
16
2
31
17
2
31
18
2
31
19
2
31
20
2
31
21
2
31
22
2
31
23
2
31
24
2
31
25
2
31
26
2
31
31
2
31
32
4
32
8
4
32
9
2
32
10
2
32
11
2
32
12
2
32
13
2
32
14
2
32
15
2
32
16
2
32
17
2
32
18
2
32
19
2
32
20
2
32
21
2
32
22
2
32
23
2
32
24
2
32
25
2
32
26
4
32
27
2
32
31
2
32
32
4
33
8
4
33
9
2
33
10
2
33
11
2
33
12
2
33
13
2
33
14
2
33
15
2
33
16
2
33
17
2
33
18
2
33
19
2
33
20
2
33
21
2
33
22
2
33
23
2
33
24
2
33
25
2
33
26
2
33
31
2
33
32
4
34
8
4
34
9
2
34
10
2
34
11
2
34
12
2
34
13
2
34
14
2
34
15
2
34
16
2
34
17
2
34
18
2
34
19
2
34
20
2
34
21
2
34
22
2
34
23
2
34
31
2
34
32
4
35
8
4
35
9
2
35
10
2
35
31
2
35
32
4
36
8
4
36
9
2
36
10
2
36
31
2
36
32
4
37
8
4
37
9
2
37
10
4
37
11
4
37
12
4
37
13
4
37
14
4
37
15
4
37
16
4
37
17
4
37
18
4
37
19
4
37
20
4
37
21
4
37
22
4
37
23
2
37
27
2
37
31
2
37
32
4
38
8
4
38
9
2
38
10
2
38
27
2
38
31
2
38
32
4
39
8
4
39
9
2
39
10
2
39
27
2
39
31
2
39
32
4
40
8
4
40
9
2
40
10
4
40
11
4
40
12
4
40
13
4
40
14
4
40
15
4
40
16
2
40
23
2
40
27
2
40
31
2
40
32
4
41
8
4
41
9
2
41
10
2
41
23
2
41
27
2
41
31
2
41
32
4
42
8
4
42
9
2
42
10
2
42
19
2
42
23
2
42
27
2
42
31
2
42
32
4
43
8
4
43
9
2
43
10
4
43
11
4
43
12
4
43
13
2
43
19
1
43
21
2
43
23
1
43
25
2
43
27
1
43
29
2
43
31
2
43
32
4
44
8
4
44
9
2
44
10
2
44
19
2
44
23
2
44
27
2
44
31
2
44
32
4
45
8
4
45
9
2
45
10
2
45
16
2
45
17
2
45
18
2
45
19
2
45
20
2
45
21
2
45
22
2
45
23
2
45
24
2
45
25
2
45
26
2
45
27
2
45
28
2
45
29
2
45
30
2
45
31
2
45
32
4
46
8
4
46
9
2
46
10
2
46
16
2
46
17
2
46
18
2
46
19
2
46
20
2
46
21
2
46
22
2
46
23
2
46
24
2
46
25
2
46
26
2
46
27
2
46
28
2
46
29
2
46
30
2
46
31
2
46
32
4
47
8
4
47
9
2
47
10
2
47
11
2
47
16
2
47
17
2
47
18
2
47
19
2
47
20
2
47
21
2
47
22
2
47
23
2
47
24
2
47
25
2
47
26
2
47
27
2
47
28
2
47
29
2
47
30
2
47
31
2
47
32
4
48
8
4
48
9
2
48
10
2
48
11
2
48
16
2
48
17
2
48
18
2
48
19
2
48
20
2
48
21
2
48
22
2
48
23
2
48
24
2
48
25
2
48
26
2
48
27
2
48
28
2
48
29
2
48
30
2
48
31
2
48
32
4
49
8
4
49
9
2
49
10
2
49
11
2
49
12
2
49
16
2
49
17
2
49
18
2
49
19
2
49
20
2
49
21
2
49
22
2
49
23
2
49
24
2
49
25
2
49
26
2
49
27
2
49
28
2
49
29
2
49
30
2
49
31
2
49
32
4
50
8
4
50
9
2
50
10
2
50
11
2
50
12
2
50
31
2
50
32
4
51
8
4
51
9
2
51
10
2
51
11
2
51
12
2
51
13
2
51
31
2
51
32
4
52
8
4
52
9
2
52
10
2
52
11
2
52
12
2
52
13
2
52
31
2
52
32
4
53
8
4
53
9
2
53
10
2
53
11
2
53
12
2
53
13
2
53
31
2
53
32
4
54
8
4
54
9
2
54
10
2
54
11
2
54
12
2
54
13
2
54
14
2
54
15
2
54
16
2
54
17
2
54
18
2
54
19
2
54
20
2
54
21
2
54
22
2
54
23
2
54
24
2
54
25
2
54
26
2
54
27
2
54
31
2
54
32
4
55
8
4
55
9
2
55
10
2
55
11
2
55
12
2
55
13
2
55
14
2
55
15
2
55
16
2
55
17
2
55
18
2
55
19
2
55
20
2
55
21
2
55
22
2
55
23
2
55
24
2
55
25
2
55
26
2
55
27
2
55
31
2
55
32
4
56
8
4
56
9
2
56
10
2
56
11
2
56
12
2
56
13
2
56
14
2
56
15
2
56
16
2
56
17
2
56
18
2
56
19
2
56
20
2
56
21
2
56
22
2
56
23
2
56
24
2
56
25
2
56
26
2
56
27
2
56
31
2
56
32
4
57
8
4
57
9
2
57
10
2
57
11
2
57
12
1
57
15
2
57
17
4
57
18
1
57
23
2
57
25
4
57
26
2
57
31
2
57
32
4
58
8
4
58
9
2
58
10
2
58
17
2
58
25
2
58
31
2
58
32
4
59
8
4
59
9
2
59
10
2
59
17
2
59
25
2
59
29
2
59
30
2
59
31
2
59
32
4
60
8
4
60
9
2
60
10
2
60
13
2
60
17
2
60
21
2
60
25
2
60
29
2
60
30
2
60
31
2
60
32
4
61
8
4
61
9
2
61
10
2
61
13
2
61
21
2
61
29
2
61
30
2
61
31
2
61
32
4
62
8
4
62
9
2
62
10
2
62
13
4
62
14
1
62
19
2
62
21
4
62
22
1
62
27
2
62
29
2
62
30
2
62
31
2
62
32
4
63
8
4
63
9
2
63
10
2
63
13
2
63
14
2
63
15
2
63
16
2
63
17
2
63
18
2
63
19
2
63
20
2
63
21
2
63
22
2
63
23
2
63
24
2
63
25
2
63
26
2
63
27
2
63
28
2
63
29
2
63
30
2
63
31
2
63
32
4
64
8
4
64
9
2
64
10
2
64
13
2
64
14
2
64
15
2
64
16
2
64
17
2
64
18
2
64
19
2
64
20
2
64
21
2
64
22
2
64
23
2
64
24
2
64
25
2
64
26
2
64
27
2
64
28
2
64
29
2
64
30
2
64
31
2
64
32
4
65
8
4
65
9
2
65
10
2
65
13
2
65
14
2
65
15
2
65
16
2
65
17
2
65
18
2
65
19
2
65
20
2
65
21
2
65
22
2
65
23
2
65
24
2
65
25
2
65
26
2
65
27
2
65
28
2
65
29
2
65
30
2
65
31
2
65
32
4
66
8
4
66
9
2
66
10
2
66
13
2
66
14
2
66
15
2
66
16
2
66
17
2
66
18
2
66
19
2
66
20
2
66
21
2
66
22
2
66
23
2
66
24
2
66
25
2
66
26
2
66
27
2
66
28
2
66
29
2
66
30
2
66
31
2
66
32
4
67
8
4
67
9
2
67
10
2
67
13
2
67
14
2
67
15
2
67
16
2
67
17
2
67
18
2
67
19
2
67
20
2
67
21
2
67
22
2
67
23
2
67
24
2
67
25
2
67
26
2
67
27
2
67
28
2
67
29
2
67
30
2
67
31
2
67
32
4
68
8
4
68
9
2
68
10
1
68
15
2
68
17
2
68
18
1
68
23
2
68
25
2
68
26
4
68
28
2
68
31
2
68
32
4
69
8
4
69
9
2
69
10
2
69
17
2
69
18
2
69
25
2
69
26
4
69
28
2
69
31
2
69
32
4
70
8
4
70
9
2
70
10
2
70
17
2
70
18
2
70
25
2
70
26
4
70
28
2
70
31
2
70
32
4
71
8
4
71
9
2
71
10
2
71
17
2
71
18
2
71
25
2
71
26
4
71
28
2
71
31
2
71
32
4
72
8
4
72
9
2
72
10
2
72
13
2
72
14
2
72
17
2
72
18
2
72
21
2
72
22
4
72
28
2
72
31
2
72
32
4
73
8
4
73
9
2
73
10
2
73
13
2
73
14
2
73
21
2
73
22
2
73
31
2
73
32
4
74
8
4
74
9
2
74
10
2
74
13
2
74
14
2
74
21
2
74
22
2
74
31
2
74
32
4
75
8
4
75
9
2
75
10
2
75
13
2
75
14
2
75
21
2
75
22
2
75
31
2
75
32
4
76
8
4
76
9
2
76
10
1
76
11
2
76
13
2
76
14
1
76
19
2
76
21
2
76
22
3
76
28
2
76
31
2
76
32
4
77
8
4
77
9
4
77
10
4
77
11
4
77
12
4
77
13
4
77
14
4
77
15
4
77
16
4
77
17
4
77
18
4
77
19
4
77
20
4
77
21
4
77
22
4
77
23
4
77
24
2
77
31
2
77
32
4
78
8
4
78
9
4
78
10
4
78
11
4
78
12
4
78
13
4
78
14
4
78
15
4
78
16
4
78
17
4
78
18
4
78
19
4
78
20
4
78
21
4
78
22
4
78
23
4
78
24
2
78
31
2
78
32
4
79
8
4
79
9
2
79
10
2
79
31
2
79
32
+--+