ZookieSpriteInfo.txt
80
48
16
2
3
2
0
0
2
0
1
2
0
2
2
0
3
2
0
4
2
0
5
2
0
6
2
0
7
2
0
8
2
0
9
2
0
10
4
0
11
4
0
12
4
0
13
4
0
14
2
0
15
2
1
0
2
1
6
2
1
10
4
1
11
4
1
12
4
1
13
4
1
14
2
1
15
2
2
0
2
2
6
1
2
8
2
2
15
2
3
0
2
3
6
2
3
15
2
4
0
2
4
6
2
4
7
2
4
9
2
4
10
2
4
14
2
4
15
2
5
0
2
5
6
2
5
7
2
5
9
2
5
14
2
5
15
2
6
0
2
6
6
2
6
7
2
6
9
1
6
11
2
6
14
2
6
15
2
7
0
2
7
6
2
7
7
2
7
9
2
7
14
2
7
15
2
8
0
1
8
3
2
8
6
2
8
7
2
8
9
2
8
10
2
8
11
2
8
14
2
8
15
2
9
0
2
9
6
2
9
7
2
9
9
2
9
14
2
9
15
2
10
0
2
10
6
2
10
7
2
10
9
2
10
14
2
10
15
2
11
0
2
11
6
2
11
7
2
11
9
2
11
14
2
11
15
2
12
0
2
12
6
2
12
7
2
12
9
2
12
14
2
12
15
2
13
0
2
13
6
2
13
7
2
13
9
2
13
15
2
14
0
2
14
6
2
14
7
2
14
9
2
14
11
2
14
15
2
15
0
2
15
6
2
15
7
2
15
9
2
15
11
2
15
12
2
15
13
2
15
14
2
15
15
2
16
0
2
16
6
2
16
7
2
16
9
2
16
11
2
17
0
2
17
6
2
17
9
2
17
11
2
18
0
2
18
6
1
18
7
2
18
9
2
18
11
2
19
0
2
19
6
2
19
11
2
20
0
2
20
6
2
20
11
2
21
0
2
21
4
2
21
6
2
21
10
2
21
11
2
22
0
2
22
1
2
22
2
2
22
4
4
22
5
2
22
6
2
22
10
2
22
11
2
23
2
2
23
4
4
23
5
2
23
6
2
23
10
2
23
11
2
24
2
2
24
4
4
24
5
2
24
6
2
24
10
2
25
2
2
25
4
4
25
5
2
25
6
2
25
10
2
26
2
2
26
4
4
26
5
2
26
6
2
26
10
2
27
2
2
27
4
4
27
5
2
27
6
2
27
10
2
28
2
2
28
4
4
28
5
2
28
6
2
28
7
2
28
8
2
28
10
2
29
2
2
29
4
4
29
5
4
29
6
2
29
10
2
30
2
2
30
4
2
30
10
2
31
2
2
31
4
2
31
10
2
32
2
2
32
4
2
32
10
2
33
2
2
33
4
2
33
10
2
34
2
2
34
4
2
34
6
2
34
10
2
35
2
2
35
6
2
35
7
2
35
8
2
35
9
2
35
10
2
36
2
1
36
4
2
36
6
2
37
2
2
37
3
2
37
4
2
37
5
2
37
6
+--+