ZookieSpriteInfo.txt
40
24
32
0
0
1
0
7
2
0
9
4
0
19
4
0
20
4
0
21
4
0
22
4
0
23
2
1
9
4
1
19
4
1
20
4
1
21
4
1
22
4
1
23
2
2
9
4
2
19
4
2
20
4
2
21
4
2
22
4
2
23
2
3
9
4
3
19
4
3
20
4
3
21
4
3
22
4
3
23
2
4
9
4
4
19
4
4
20
4
4
21
4
4
22
4
4
23
2
5
9
1
5
14
2
5
16
4
5
19
4
5
20
4
5
21
4
5
22
4
5
23
2
6
9
2
6
16
4
6
19
4
6
20
4
6
21
4
6
22
4
6
23
2
7
9
2
7
16
4
7
19
4
7
20
4
7
21
4
7
22
4
7
23
2
8
16
4
8
19
4
8
20
4
8
21
4
8
22
4
8
23
2
9
16
4
9
19
4
9
20
4
9
21
4
9
22
4
9
23
2
10
12
2
10
16
4
10
19
4
10
20
4
10
21
4
10
22
4
10
23
2
11
12
2
11
16
4
11
19
4
11
20
4
11
21
4
11
22
4
11
23
2
12
12
4
12
19
4
12
20
4
12
21
4
12
22
4
12
23
2
13
12
4
13
19
4
13
20
4
13
21
4
13
22
4
13
23
2
14
12
2
14
18
4
14
19
4
14
20
4
14
21
4
14
22
4
14
23
2
15
12
2
15
18
4
15
19
4
15
20
4
15
21
4
15
22
4
15
23
2
16
12
2
16
18
4
16
19
4
16
20
4
16
21
4
16
22
4
16
23
2
17
12
2
17
18
4
17
19
4
17
20
4
17
21
4
17
22
4
17
23
2
18
12
4
18
19
4
18
20
4
18
21
4
18
22
4
18
23
2
19
12
4
19
19
4
19
20
4
19
21
4
19
22
4
19
23
4
20
19
4
20
20
4
20
21
4
20
22
4
20
23
2
21
10
4
21
19
4
21
20
4
21
21
4
21
22
4
21
23
2
22
10
1
22
16
2
22
18
4
22
19
4
22
20
4
22
21
4
22
22
4
22
23
2
23
10
2
23
18
4
23
19
4
23
20
4
23
21
4
23
22
4
23
23
2
24
10
2
24
18
4
24
19
4
24
20
4
24
21
4
24
22
4
24
23
2
25
10
2
25
18
4
25
19
4
25
20
4
25
21
4
25
22
4
25
23
2
26
18
4
26
19
4
26
20
4
26
21
4
26
22
4
26
23
4
27
19
4
27
20
4
27
21
4
27
22
4
27
23
4
28
19
4
28
20
4
28
21
4
28
22
4
28
23
4
29
19
4
29
20
4
29
21
4
29
22
4
29
23
2
30
4
4
30
19
4
30
20
4
30
21
4
30
22
4
30
23
2
31
4
4
31
19
4
31
20
4
31
21
4
31
22
4
31
23
2
32
4
2
32
19
4
32
20
4
32
21
4
32
22
4
32
23
2
33
4
2
33
19
4
33
20
4
33
21
4
33
22
4
33
23
2
34
4
2
34
19
4
34
20
4
34
21
4
34
22
4
34
23
2
35
4
2
35
19
4
35
20
4
35
21
4
35
22
4
35
23
2
36
4
2
36
19
4
36
20
4
36
21
4
36
22
4
36
23
2
37
4
3
37
16
2
37
19
4
37
20
4
37
21
4
37
22
4
37
23
2
38
4
2
38
19
4
38
20
4
38
21
4
38
22
4
38
23
2
39
19
4
39
20
4
39
21
4
39
22
4
39
23
+--+